ADDENDA ΕΤ CORRIGENDA. 444

Ρ. ω 444. 4. 4 414 4444143. Ρ, 44 44 4. 4 414 ino 141 pto 141.

Ρ. 11 444. 4. 14 pro 44 143. 41,

Ρ. 44444. 4, 7 pro 14444 44 ,444. lma, 143. 44 ,444. ΙΡ,4 44
4144. 4. 17143. 4444444444.

Ρ. 45 4444. 4. 15143. 44444444.

Ρ. 14 444. 4. 17 143. 4444444444 44 4. 11 44444143. 44.

Ρ. 51 444. ιι. 44144444 14344.

Ρ. 41 4444. 4. 144444144441. 44444344.

Ρ. 47 4444. 4. 4 414 4444 4444 444 4444444444 1444 44444 44 1,174 qm:
4444 4444444, 4444 quo 4444 44444.

Ρ. 44 444. ιι. 14 pro 4444444143. 444444.

Ρ. 44 441. ιι. 4 pro Pal. 143. Ρ41. 1.

P. 44 (44 1444. 4. 444 444444 44 4441444 4444444444, 4444444444444.)
1144414444 14 Ρ44. 1 44 4 4444 dicit 4444444444 contentiones.

P. 41 4444. 4. 5 44114444 444 443444.

Ρ. 44 444. 4415143. 4444444.

Ρ. 41 444. 4. 15 44444444 143. uoluptate.

Ρ. 44 444. 4411434444444 44 0444. 44444147 44 444 W, 4.

Ρ. 74 441. u. 4 414 4444 pro ιιιοιιιίιι4444143.44444444444.

Ρ. 74 (44 444. 44 4444444444). 444. 1414. 11, 02.

Ρ. 74 4444. 4 nb 4444 143. σώματος.
Ρ. 41 (44 4441. 4. 7 44 444.) Etiam 444 444.4 (1444444444 444

4444 4 44444, 44 444 4444444444 44 4444444 editiones. 8444 44·
piu· Cicero 44 444344 4444 44 aliquo 444444 44444, 444444 44
444344. In 114444. 47 molium 4441444 14414444 444444 44, 44
444, 44 444 444. 41. 44 pro 444444 4 4444444444 44444 443444
1441444 444444 44 4 4444444444, 4444144344 scriptun, 1144444444ιί4
4 444., mox 4444444 4444444 4 44444444 44 444114 pout 443144 44
plerique 44444444 4 44444444 444444, 444444 autem 444444 4444
4444444444. 44 444. 11, 41, 4444444444444.1, crat.. 14141444
4444444 4 44444444, 444444 4 G. Tunc. 111, 44 444444 4444444·
1444 4 44444 44 4444444. Eodem 44444 444444 44 44 aliquo 44
es 44. 44 44 44. querere 44414.

Ρ. 84 (444. ιι. 7 414 4444.) Huic 444444 eud. 2, 14444 444. 1
441144.

Ρ. 44 444. ιι. 4 414 4444 143. pag. 12.

1². 44 (44 1444. 4. 4.) Etiam 41444444 4444444444.
45

 

