Μ mnu 11911911 ΕΤ 9999911911.

9117444441 444444 4444 9444444 9441444444 41 44444444 a

471.
91444444 711.
9144444144 171.
91444444 9114414941 171.

9144444 41444144 nt

9414444 4444 9444444 474.

91114414 444141 munbi 4144441
21. (114. 944441.

91444444 9494144144 185, 429 944444144ῑίοῆ

sq„ 841.
9144441444 1 μεταθέμενος 789.
9144141444 94414444, 444 41441-
dim 94, 817 444.
914444 14444 4444414444 499
9144141 44 41444441 99.
91411 157.
9444144444 444 44114444 4144 419.
9444444 44414114 411444 44 746.
94414441 m.
94444 44144 99.

4144444144444 487.

E 41 1 14 4144414144444 444444·
44444 44411449444, 7464 14
Alexandrea, 944444, 4144111-
1444444 7114 14 camenam 44
4111111444 919.

94141444, 4444444 797, 9984
441 44 71194 44 4444114444 44
44144) 4444441444 1444444444
44444 4444441144444 119.

94 444 444444· 111.

9444 4444 4444444144 444 9144.
mum 1119.

944414, 44 499.

141444 14444 4441 Epicureo.
⁸1⁵.

9144 414 1444144 cum 4444141414
4444441144 apud 944441. 114.

Eam-as 4444 4444419444 444
444 994.

Emolumenta· 944144 441.

Ι’11444444 977.

’9444144444 5⁰1.

94144444 14444144 14 9414441·
4444 484 1444441444 684 4144
444114 87. 91444144 4144 18.
414 4141444144 4441414444 484
physica doctrinm 44 ni*
44414 44444444 44144444141144
14 44441144 1444141444 1144
444444114 eunica 81, 8⁸. Q
94, 97, Η,99,144, 1914
197, m, 117, 118, 144744.
199.

’9444444444 844144 494.

94414444 4414144411444 41144- .

4441444444 “a

Erechthei 9111 m.

Ergo 14 444114ιί4 44444 4444·
44444 132.

9444 44144444274, 7814 4444
4444444 1444414 Ὡς 44444114·
4444 541, 4441414414 4114441
99,44944444444444444144444
4441441914 4441444414 qu·

44441411444444441117774 4 ¹

4441444444 414444444 4411449.
Et pro 44 4444 equo 11414 4444
4144141444 1444414441 1774 14
4444444444 44 undum·-
74174 44414444 pont 4414414444
14 4444444444 414144 1444

 

