INDEX scnwronUM. '

5111161 111 1111111.
1661 11 1111111. cous. 66
1. 611 111 nuno 11115,
481. 1141 in Pinna. 16 1.
618, 171. 668, 161148,
86 1861,Ι Philipp. 11, 7
1. 668, 6,17 1. 816, 61,15
1. 44811111, 4117461 111·
111111.1,714411816,46
1816, 461. 7661 116116,
6611.Χ61,661458,661566,
611. 664,48 1418561561,
681666, 871. 618,881.
11ι1111176, 16518161
Tmcul. 1, 111. 561, 41
1448, 6511711818, 11,
7 1. 618, 161. 6111611718,
171. 766, 661. 786, 111, 6
1156, 51. 861, 411758,
16,61.56,1611181.118,
561.865,6,411781,85
1666, 641. 61, 681655
(uu. conis->2 1111. 11,
libr. 6111. P. 1, 181. 116,
471661, 561418, 661.
661, 111, 61. 4181611111
1,661168 1. 476, 461. 676,
11,111661,111716,45
1. 847, 55 1. 111661. 866,
111, 181. 4711115151 61
6116111111,11.161,6
1. 418, 5 p. 4, 11 1 476, 48
1418,651.571. 581. 65.
661115, 68 1. 418, 81 1164,
88 1561, 861 66, 11,6 p. 864,
161.1.Χ61111.,58 1656, 111
1. 561, 1111 868, 117 1661,
166161,1671151, 111,

461. 511, 54 et 551. 571,
84 1. 1611 61 6111111. 1, 46
1866,661766,711. 151,
861. 561, 1111. 861,111
1861, 1181156, 1161.
861,11, 11 1. 186, 111166,
16 1. 816, 61 1 567, 471618,
5616616711. 51,861. 8,
1111 18, 1411. 8,· 611111
41. 751, 11 1. 41, 661. 418,
661116, 65 1. 1171 61046161
1,6 1.. 867,171161611, 161.
1111111111, 51 1561, 661.
448, 1111.458,144165.
1561468, 11, 181. 466,
661861, 561.166,811
65,111, 16 p. 115, 47 1. 661
catone 161766, 56 1. 1861
1111. 76 1. 865, 671811
611161111111 161, 661.
4181 ’111111 init. 1. 7113
111111. 16 611111. 1, 6 1. 418,
8 1. 818, 16, 61. 145,
61,61816,6111,818161
Epist. 16 111. (111. 1. 166)
ι,11.111,11117,111.
571,11,61616,161861,
611,61 418, 111, 15 1. 856,
71,71656,111, 61.
’ 111, xu, 5⁰ 1. 111, 11 par.
111116, xm, 681145,
XVI, 8 1 4161 Epist. 116
Q. 6111111111, 14 1. 618111,
1,61. 551.
(1111111111111111111 emen·
61111 strom. 11 (1 186 Sylla.)
1. 516, 6 (1 145) 1. 851.

 

