11 1111111 oportet 618 (11
111).

(11111111 Puteolana 285.

1111111111 :albigno 61111111
155.

(11111111 11 prauitas 1111111111·

rum 511.
111111 187.

1111111. 11111111611(1111)
57.

11111111 11111111 128.

11111111 651.

1111111111 216.

1111111111· 168.

111111111ιί 11111ιί111111 111-
1111111116.

1111, 1111 (non 11111), 1111111
75. A

1111111111, 11111, 111111 111258
(111. ωῙ).

1111 posterior 176.

11111111161.

1111111111 55.

1 11 E 111. 11.

1111 6651 1111 quom ffl? 1111,
1111111 in 1111111111 5811.

lactan 186.

1111111 16.

11 111 procedente 111111111111
71, 2611 adiungit 11111111 uo·
1111111111 1111111111 166, 1111
11 111 11111 5161 11 111 111111
176.

1111111111 11111 11111111, 121.

Igitur 111111 sententia 116.

INDEX RERUM 111 1111160Βῦ61.

111111 11, qu 11111111111,
11111111, 6661 1111 - 111111
4661 11111111, 11111 1111 ὃ.

11111, 1111175.

1111111111 111661 pro 11ιί-
1111111 describendum 1111
11,11111 11111 1111111111, 511,
et 11111111 111 poenum 5111
1111, 11 quo 11111111 1111111,
6611 11 1111111 ortu 11 pino
11111 61161 11111 111111, poure
111111111111 manuducit apud
111111 1111111111 1121 cun
16111111 pro 1111111111 781
111 1111111 11111111 7191 i·
1111 257.

1111111111 pro iamim mh·
tinum 516.

1111111111, 111 1111111111, 011111-
11111111712.

1111111111 ⁷⁰8.

{adientium 11111111 inter 111
1111111111 2111 11 interr-gudo
11111 1111111111 216, 2781 11
1111111111 11 1151111111 111,
qu· negundo 11111111, 7521
1111116111 11 111111111111
quatenu· coniunguntur 116111
non 11111111 :pud 111. in
intemgntionn pendenti 516
cfr. coniunctim

1111111111 155.

1111111111 651.

1111111111 1111111 11 ‚minu
111111 pont 1111111 11111
1781 1111ιί111111 proponi·
111111 21111 11 1111111111

 

